SA - temperatures

train = [7.676402171103646,7.305634530886536,6.952416645127931,7.175781855776685,7.568105453605583,7.802868958387177,7.288705091754977]

test = [11.353271028037392,10.903225806451616,10.073861923424786,9.003919204100086,9.149532710280369,9.33415737111849,10.139975881820925]


Cooling

train = [7.095, 7.34, 9.085, 7.108, 7.353, 7.392, 7.573, 7.134, 7.56, 8.1]
test = [11.305,12.119, 12.903, 9.105, 10.33, 10.612, 11.034, 12.21, 12.42, 12.68] 

regular

train = [51.07262858619798,30.718531920392863,21.271646420263636,22.383044714396476,11.07521323339364,11.915223571982423,10.157663478935135,9.498578444042394,10.261049366761426,10.868441457741014,10.002584647195661,7.857327474799689,8.270871026104928,6.526234169035931,6.862238304471433,7.120703024037226,6.513310933057639,7.314551563711561,7.1594727319720874,5.944688550012927]

test = [45.37232438950859,27.524871872173648,29.394030750678326,30.117576123002706,16.49080494422671,14.13928248417244,19.74675911968646,17.515827555019598,13.264998492613813,14.470907446487786,15.043714199577934,11.06421465179379,12.601748567983122,9.617123907145015,10.762737413325297,9.918601145613508,11.456135061802826,12.119384986433516,10.129635212541459,9.496533011757606]

trainTime = [2.371100701E9,4.697774622E9,6.896455702E9,9.190962856E9,1.35420295E10,1.4424564594E10,1.9584156437E10,1.8300754672E10,2.0040076174E10,2.4601540798E10,2.5086255908E10,2.7076756386E10,3.1250287911E10,3.2992264052E10,3.5369442908E10,3.8172198331E10,4.4767067078E10,4.1745541375E10,4.3076691182E10,4.6777985114E10]

testTime = [0.12336665,0.053339061,0.023369747,0.036529618,0.037967693,0.01645676,0.024788326,0.016425826,0.016740957,0.038668126,0.01604022,0.019713523,0.017320145,0.016724479,0.021485312,0.029523327,0.015881688,0.015395387,0.018091462,0.020571802]
